------------------------------------------------------------------
El axioma 1 es independiente con: 
                    Or 0,0,0,0,0,0,0,0,0
                    Not 2,1,0
                    And 0,0,0,0,0,0,0,0,0
                    Imply 0,0,0,0,0,0,0,1,1
        
                        axioma1: 0,0,0,0,0,0,0,0,1
                        axioma2: 0,0,0,0,0,0,0,0,0,0,0,0,0,0,0,0,0,0,0,0,0,0,0,0,0,0,0
                        axioma3: 0,0,0,0,0,0,0,0,0 
                        axioma4: 0,0,0,0,0,0,0,0,0
                        axioma5: 0,0,0,0,0,0,0,0,0
                        axioma6: 0,0,0,0,0,0,0,0,0
                        axioma7: 0,0,0,0,0,0,0,0,0
                        axioma8: 0,0,0,0,0,0,0,0,0,0,0,0,0,0,0,0,0,0,0,0,0,0,0,0,0,0,0
                        axioma9: 0,0,0,0,0,0,0,0,0
                        axioma10: 0,0,0,0,0,0,0,0,0
                        axioma11: 0,0,0,0,0,0,0,0,0
                        axioma12: 0,0,0,0,0,0,0,0,0
                        axioma13: 0,0,0,0,0,0,0,0,0
------------------------------------------------------------------
El axioma 1 es independiente con: 
                    Or 0,0,0,0,0,0,0,0,0
                    Not 2,1,0
                    And 0,0,0,0,0,0,0,0,0
                    Imply 0,0,0,0,0,0,0,2,1
        
                        axioma1: 0,0,0,0,0,0,0,0,2
                        axioma2: 0,0,0,0,0,0,0,0,0,0,0,0,0,0,0,0,0,0,0,0,0,0,0,0,0,0,0
                        axioma3: 0,0,0,0,0,0,0,0,0 
                        axioma4: 0,0,0,0,0,0,0,0,0
                        axioma5: 0,0,0,0,0,0,0,0,0
                        axioma6: 0,0,0,0,0,0,0,0,0
                        axioma7: 0,0,0,0,0,0,0,0,0
                        axioma8: 0,0,0,0,0,0,0,0,0,0,0,0,0,0,0,0,0,0,0,0,0,0,0,0,0,0,0
                        axioma9: 0,0,0,0,0,0,0,0,0
                        axioma10: 0,0,0,0,0,0,0,0,0
                        axioma11: 0,0,0,0,0,0,0,0,0
                        axioma12: 0,0,0,0,0,0,0,0,0
                        axioma13: 0,0,0,0,0,0,0,0,0
------------------------------------------------------------------
El axioma 1 es independiente con: 
                    Or 0,0,0,0,0,0,0,0,0
                    Not 2,1,0
                    And 0,0,0,0,0,0,0,0,0
                    Imply 0,0,0,0,0,1,0,1,0
        
                        axioma1: 0,0,0,0,0,0,0,1,0
                        axioma2: 0,0,0,0,0,0,0,0,0,0,0,0,0,0,0,0,0,0,0,0,0,0,0,0,0,0,0
                        axioma3: 0,0,0,0,0,0,0,0,0 
                        axioma4: 0,0,0,0,0,0,0,0,0
                        axioma5: 0,0,0,0,0,0,0,0,0
                        axioma6: 0,0,0,0,0,0,0,0,0
                        axioma7: 0,0,0,0,0,0,0,0,0
                        axioma8: 0,0,0,0,0,0,0,0,0,0,0,0,0,0,0,0,0,0,0,0,0,0,0,0,0,0,0
                        axioma9: 0,0,0,0,0,0,0,0,0
                        axioma10: 0,0,0,0,0,0,0,0,0
                        axioma11: 0,0,0,0,0,0,0,0,0
                        axioma12: 0,0,0,0,0,0,0,0,0
                        axioma13: 0,0,0,0,0,0,0,0,0
------------------------------------------------------------------
El axioma 1 es independiente con: 
                    Or 0,0,0,0,0,0,0,0,0
                    Not 2,1,0
                    And 0,0,0,0,0,0,0,0,0
                    Imply 0,0,0,0,0,1,0,1,1
        
                        axioma1: 0,0,0,0,0,0,0,1,1
                        axioma2: 0,0,0,0,0,0,0,0,0,0,0,0,0,0,0,0,0,0,0,0,0,0,0,0,0,0,0
                        axioma3: 0,0,0,0,0,0,0,0,0 
                        axioma4: 0,0,0,0,0,0,0,0,0
                        axioma5: 0,0,0,0,0,0,0,0,0
                        axioma6: 0,0,0,0,0,0,0,0,0
                        axioma7: 0,0,0,0,0,0,0,0,0
                        axioma8: 0,0,0,0,0,0,0,0,0,0,0,0,0,0,0,0,0,0,0,0,0,0,0,0,0,0,0
                        axioma9: 0,0,0,0,0,0,0,0,0
                        axioma10: 0,0,0,0,0,0,0,0,0
                        axioma11: 0,0,0,0,0,0,0,0,0
                        axioma12: 0,0,0,0,0,0,0,0,0
                        axioma13: 0,0,0,0,0,0,0,0,0
------------------------------------------------------------------
El axioma 1 es independiente con: 
                    Or 0,0,0,0,0,0,0,0,0
                    Not 2,1,0
                    And 0,0,0,0,0,0,0,0,0
                    Imply 0,0,0,0,0,1,0,2,0
        
                        axioma1: 0,0,0,0,0,1,0,2,0
                        axioma2: 0,0,0,0,0,0,0,0,0,0,0,0,0,0,0,0,0,0,0,0,0,0,0,0,0,0,0
                        axioma3: 0,0,0,0,0,0,0,0,0 
                        axioma4: 0,0,0,0,0,0,0,0,0
                        axioma5: 0,0,0,0,0,0,0,0,0
                        axioma6: 0,0,0,0,0,0,0,0,0
                        axioma7: 0,0,0,0,0,0,0,0,0
                        axioma8: 0,0,0,0,0,0,0,0,0,0,0,0,0,0,0,0,0,0,0,0,0,0,0,0,0,0,0
                        axioma9: 0,0,0,0,0,0,0,0,0
                        axioma10: 0,0,0,0,0,0,0,0,0
                        axioma11: 0,0,0,0,0,0,0,0,0
                        axioma12: 0,0,0,0,0,0,0,0,0
                        axioma13: 0,0,0,0,0,0,0,0,0
------------------------------------------------------------------
El axioma 10 es independiente con: 
                    Or 0,0,0,0,0,0,0,0,0
                    Not 2,1,0
                    And 0,0,0,0,0,0,0,0,0
                    Imply 0,0,0,0,0,2,0,0,0
        
                        axioma1: 0,0,0,0,0,0,0,0,0
                        axioma2: 0,0,0,0,0,0,0,0,0,0,0,0,0,0,0,0,0,0,0,0,0,0,0,0,0,0,0
                        axioma3: 0,0,0,0,0,0,0,0,0 
                        axioma4: 0,0,0,0,0,0,0,0,0
                        axioma5: 0,0,0,0,0,0,0,0,0
                        axioma6: 0,0,0,0,0,0,0,0,0
                        axioma7: 0,0,0,0,0,0,0,0,0
                        axioma8: 0,0,0,0,0,0,0,0,0,0,0,0,0,0,0,0,0,0,0,0,0,0,0,0,0,0,0
                        axioma9: 0,0,0,0,0,0,0,0,0
                        axioma10: 0,0,0,0,0,2,0,0,0
                        axioma11: 0,0,0,0,0,0,0,0,0
                        axioma12: 0,0,0,0,0,0,0,0,0
                        axioma13: 0,0,0,0,0,0,0,0,0
------------------------------------------------------------------
El axioma 1 es independiente con: 
                    Or 0,0,0,0,0,0,0,0,0
                    Not 2,1,0
                    And 0,0,0,0,0,0,0,0,0
                    Imply 0,0,0,0,0,0,0,1,1
        
                        axioma1: 0,0,0,0,0,0,0,0,1
                        axioma2: 0,0,0,0,0,0,0,0,0,0,0,0,0,0,0,0,0,0,0,0,0,0,0,0,0,0,0
                        axioma3: 0,0,0,0,0,0,0,0,0 
                        axioma4: 0,0,0,0,0,0,0,0,0
                        axioma5: 0,0,0,0,0,0,0,0,0
                        axioma6: 0,0,0,0,0,0,0,0,0
                        axioma7: 0,0,0,0,0,0,0,0,0
                        axioma8: 0,0,0,0,0,0,0,0,0,0,0,0,0,0,0,0,0,0,0,0,0,0,0,0,0,0,0
                        axioma9: 0,0,0,0,0,0,0,0,0
                        axioma10: 0,0,0,0,0,0,0,0,0
                        axioma11: 0,0,0,0,0,0,0,0,0
                        axioma12: 0,0,0,0,0,0,0,0,0
                        axioma13: 0,0,0,0,0,0,0,0,0
------------------------------------------------------------------
El axioma 1 es independiente con: 
                    Or 0,0,0,0,0,0,0,0,0
                    Not 2,1,0
                    And 0,0,0,0,0,0,0,0,0
                    Imply 0,0,0,0,0,0,0,2,1
        
                        axioma1: 0,0,0,0,0,0,0,0,2
                        axioma2: 0,0,0,0,0,0,0,0,0,0,0,0,0,0,0,0,0,0,0,0,0,0,0,0,0,0,0
                        axioma3: 0,0,0,0,0,0,0,0,0 
                        axioma4: 0,0,0,0,0,0,0,0,0
                        axioma5: 0,0,0,0,0,0,0,0,0
                        axioma6: 0,0,0,0,0,0,0,0,0
                        axioma7: 0,0,0,0,0,0,0,0,0
                        axioma8: 0,0,0,0,0,0,0,0,0,0,0,0,0,0,0,0,0,0,0,0,0,0,0,0,0,0,0
                        axioma9: 0,0,0,0,0,0,0,0,0
                        axioma10: 0,0,0,0,0,0,0,0,0
                        axioma11: 0,0,0,0,0,0,0,0,0
                        axioma12: 0,0,0,0,0,0,0,0,0
                        axioma13: 0,0,0,0,0,0,0,0,0
------------------------------------------------------------------
El axioma 1 es independiente con: 
                    Or 0,0,0,0,0,0,0,0,0
                    Not 2,1,0
                    And 0,0,0,0,0,0,0,0,0
                    Imply 0,0,0,0,0,1,0,1,0
        
                        axioma1: 0,0,0,0,0,0,0,1,0
                        axioma2: 0,0,0,0,0,0,0,0,0,0,0,0,0,0,0,0,0,0,0,0,0,0,0,0,0,0,0
                        axioma3: 0,0,0,0,0,0,0,0,0 
                        axioma4: 0,0,0,0,0,0,0,0,0
                        axioma5: 0,0,0,0,0,0,0,0,0
                        axioma6: 0,0,0,0,0,0,0,0,0
                        axioma7: 0,0,0,0,0,0,0,0,0
                        axioma8: 0,0,0,0,0,0,0,0,0,0,0,0,0,0,0,0,0,0,0,0,0,0,0,0,0,0,0
                        axioma9: 0,0,0,0,0,0,0,0,0
                        axioma10: 0,0,0,0,0,0,0,0,0
                        axioma11: 0,0,0,0,0,0,0,0,0
                        axioma12: 0,0,0,0,0,0,0,0,0
                        axioma13: 0,0,0,0,0,0,0,0,0
------------------------------------------------------------------
El axioma 1 es independiente con: 
                    Or 0,0,0,0,0,0,0,0,0
                    Not 2,1,0
                    And 0,0,0,0,0,0,0,0,0
                    Imply 0,0,0,0,0,1,0,1,1
        
                        axioma1: 0,0,0,0,0,0,0,1,1
                        axioma2: 0,0,0,0,0,0,0,0,0,0,0,0,0,0,0,0,0,0,0,0,0,0,0,0,0,0,0
                        axioma3: 0,0,0,0,0,0,0,0,0 
                        axioma4: 0,0,0,0,0,0,0,0,0
                        axioma5: 0,0,0,0,0,0,0,0,0
                        axioma6: 0,0,0,0,0,0,0,0,0
                        axioma7: 0,0,0,0,0,0,0,0,0
                        axioma8: 0,0,0,0,0,0,0,0,0,0,0,0,0,0,0,0,0,0,0,0,0,0,0,0,0,0,0
                        axioma9: 0,0,0,0,0,0,0,0,0
                        axioma10: 0,0,0,0,0,0,0,0,0
                        axioma11: 0,0,0,0,0,0,0,0,0
                        axioma12: 0,0,0,0,0,0,0,0,0
                        axioma13: 0,0,0,0,0,0,0,0,0
------------------------------------------------------------------
El axioma 1 es independiente con: 
                    Or 0,0,0,0,0,0,0,0,0
                    Not 2,1,0
                    And 0,0,0,0,0,0,0,0,0
                    Imply 0,0,0,0,0,1,0,2,0
        
                        axioma1: 0,0,0,0,0,1,0,2,0
                        axioma2: 0,0,0,0,0,0,0,0,0,0,0,0,0,0,0,0,0,0,0,0,0,0,0,0,0,0,0
                        axioma3: 0,0,0,0,0,0,0,0,0 
                        axioma4: 0,0,0,0,0,0,0,0,0
                        axioma5: 0,0,0,0,0,0,0,0,0
                        axioma6: 0,0,0,0,0,0,0,0,0
                        axioma7: 0,0,0,0,0,0,0,0,0
                        axioma8: 0,0,0,0,0,0,0,0,0,0,0,0,0,0,0,0,0,0,0,0,0,0,0,0,0,0,0
                        axioma9: 0,0,0,0,0,0,0,0,0
                        axioma10: 0,0,0,0,0,0,0,0,0
                        axioma11: 0,0,0,0,0,0,0,0,0
                        axioma12: 0,0,0,0,0,0,0,0,0
                        axioma13: 0,0,0,0,0,0,0,0,0
------------------------------------------------------------------
El axioma 10 es independiente con: 
                    Or 0,0,0,0,0,0,0,0,0
                    Not 2,1,0
                    And 0,0,0,0,0,0,0,0,0
                    Imply 0,0,0,0,0,2,0,0,0
        
                        axioma1: 0,0,0,0,0,0,0,0,0
                        axioma2: 0,0,0,0,0,0,0,0,0,0,0,0,0,0,0,0,0,0,0,0,0,0,0,0,0,0,0
                        axioma3: 0,0,0,0,0,0,0,0,0 
                        axioma4: 0,0,0,0,0,0,0,0,0
                        axioma5: 0,0,0,0,0,0,0,0,0
                        axioma6: 0,0,0,0,0,0,0,0,0
                        axioma7: 0,0,0,0,0,0,0,0,0
                        axioma8: 0,0,0,0,0,0,0,0,0,0,0,0,0,0,0,0,0,0,0,0,0,0,0,0,0,0,0
                        axioma9: 0,0,0,0,0,0,0,0,0
                        axioma10: 0,0,0,0,0,2,0,0,0
                        axioma11: 0,0,0,0,0,0,0,0,0
                        axioma12: 0,0,0,0,0,0,0,0,0
                        axioma13: 0,0,0,0,0,0,0,0,0
------------------------------------------------------------------
El axioma 1 es independiente con: 
                    Or 0,0,0,0,0,0,0,0,0
                    Not 2,1,0
                    And 0,0,0,0,0,0,0,0,0
                    Imply 0,0,0,0,0,0,0,1,1
        
                        axioma1: 0,0,0,0,0,0,0,0,1
                        axioma2: 0,0,0,0,0,0,0,0,0,0,0,0,0,0,0,0,0,0,0,0,0,0,0,0,0,0,0
                        axioma3: 0,0,0,0,0,0,0,0,0 
                        axioma4: 0,0,0,0,0,0,0,0,0
                        axioma5: 0,0,0,0,0,0,0,0,0
                        axioma6: 0,0,0,0,0,0,0,0,0
                        axioma7: 0,0,0,0,0,0,0,0,0
                        axioma8: 0,0,0,0,0,0,0,0,0,0,0,0,0,0,0,0,0,0,0,0,0,0,0,0,0,0,0
                        axioma9: 0,0,0,0,0,0,0,0,0
                        axioma10: 0,0,0,0,0,0,0,0,0
                        axioma11: 0,0,0,0,0,0,0,0,0
                        axioma12: 0,0,0,0,0,0,0,0,0
                        axioma13: 0,0,0,0,0,0,0,0,0
------------------------------------------------------------------
El axioma 1 es independiente con: 
                    Or 0,0,0,0,0,0,0,0,0
                    Not 2,1,0
                    And 0,0,0,0,0,0,0,0,0
                    Imply 0,0,0,0,0,0,0,2,1
        
                        axioma1: 0,0,0,0,0,0,0,0,2
                        axioma2: 0,0,0,0,0,0,0,0,0,0,0,0,0,0,0,0,0,0,0,0,0,0,0,0,0,0,0
                        axioma3: 0,0,0,0,0,0,0,0,0 
                        axioma4: 0,0,0,0,0,0,0,0,0
                        axioma5: 0,0,0,0,0,0,0,0,0
                        axioma6: 0,0,0,0,0,0,0,0,0
                        axioma7: 0,0,0,0,0,0,0,0,0
                        axioma8: 0,0,0,0,0,0,0,0,0,0,0,0,0,0,0,0,0,0,0,0,0,0,0,0,0,0,0
                        axioma9: 0,0,0,0,0,0,0,0,0
                        axioma10: 0,0,0,0,0,0,0,0,0
                        axioma11: 0,0,0,0,0,0,0,0,0
                        axioma12: 0,0,0,0,0,0,0,0,0
                        axioma13: 0,0,0,0,0,0,0,0,0
------------------------------------------------------------------
El axioma 1 es independiente con: 
                    Or 0,0,0,0,0,0,0,0,0
                    Not 2,1,0
                    And 0,0,0,0,0,0,0,0,0
                    Imply 0,0,0,0,0,1,0,1,0
        
                        axioma1: 0,0,0,0,0,0,0,1,0
                        axioma2: 0,0,0,0,0,0,0,0,0,0,0,0,0,0,0,0,0,0,0,0,0,0,0,0,0,0,0
                        axioma3: 0,0,0,0,0,0,0,0,0 
                        axioma4: 0,0,0,0,0,0,0,0,0
                        axioma5: 0,0,0,0,0,0,0,0,0
                        axioma6: 0,0,0,0,0,0,0,0,0
                        axioma7: 0,0,0,0,0,0,0,0,0
                        axioma8: 0,0,0,0,0,0,0,0,0,0,0,0,0,0,0,0,0,0,0,0,0,0,0,0,0,0,0
                        axioma9: 0,0,0,0,0,0,0,0,0
                        axioma10: 0,0,0,0,0,0,0,0,0
                        axioma11: 0,0,0,0,0,0,0,0,0
                        axioma12: 0,0,0,0,0,0,0,0,0
                        axioma13: 0,0,0,0,0,0,0,0,0
------------------------------------------------------------------
El axioma 1 es independiente con: 
                    Or 0,0,0,0,0,0,0,0,0
                    Not 2,1,0
                    And 0,0,0,0,0,0,0,0,0
                    Imply 0,0,0,0,0,1,0,1,1
        
                        axioma1: 0,0,0,0,0,0,0,1,1
                        axioma2: 0,0,0,0,0,0,0,0,0,0,0,0,0,0,0,0,0,0,0,0,0,0,0,0,0,0,0
                        axioma3: 0,0,0,0,0,0,0,0,0 
                        axioma4: 0,0,0,0,0,0,0,0,0
                        axioma5: 0,0,0,0,0,0,0,0,0
                        axioma6: 0,0,0,0,0,0,0,0,0
                        axioma7: 0,0,0,0,0,0,0,0,0
                        axioma8: 0,0,0,0,0,0,0,0,0,0,0,0,0,0,0,0,0,0,0,0,0,0,0,0,0,0,0
                        axioma9: 0,0,0,0,0,0,0,0,0
                        axioma10: 0,0,0,0,0,0,0,0,0
                        axioma11: 0,0,0,0,0,0,0,0,0
                        axioma12: 0,0,0,0,0,0,0,0,0
                        axioma13: 0,0,0,0,0,0,0,0,0
------------------------------------------------------------------
El axioma 1 es independiente con: 
                    Or 0,0,0,0,0,0,0,0,0
                    Not 2,1,0
                    And 0,0,0,0,0,0,0,0,0
                    Imply 0,0,0,0,0,1,0,2,0
        
                        axioma1: 0,0,0,0,0,1,0,2,0
                        axioma2: 0,0,0,0,0,0,0,0,0,0,0,0,0,0,0,0,0,0,0,0,0,0,0,0,0,0,0
                        axioma3: 0,0,0,0,0,0,0,0,0 
                        axioma4: 0,0,0,0,0,0,0,0,0
                        axioma5: 0,0,0,0,0,0,0,0,0
                        axioma6: 0,0,0,0,0,0,0,0,0
                        axioma7: 0,0,0,0,0,0,0,0,0
                        axioma8: 0,0,0,0,0,0,0,0,0,0,0,0,0,0,0,0,0,0,0,0,0,0,0,0,0,0,0
                        axioma9: 0,0,0,0,0,0,0,0,0
                        axioma10: 0,0,0,0,0,0,0,0,0
                        axioma11: 0,0,0,0,0,0,0,0,0
                        axioma12: 0,0,0,0,0,0,0,0,0
                        axioma13: 0,0,0,0,0,0,0,0,0
------------------------------------------------------------------
El axioma 10 es independiente con: 
                    Or 0,0,0,0,0,0,0,0,0
                    Not 2,1,0
                    And 0,0,0,0,0,0,0,0,0
                    Imply 0,0,0,0,0,2,0,0,0
        
                        axioma1: 0,0,0,0,0,0,0,0,0
                        axioma2: 0,0,0,0,0,0,0,0,0,0,0,0,0,0,0,0,0,0,0,0,0,0,0,0,0,0,0
                        axioma3: 0,0,0,0,0,0,0,0,0 
                        axioma4: 0,0,0,0,0,0,0,0,0
                        axioma5: 0,0,0,0,0,0,0,0,0
                        axioma6: 0,0,0,0,0,0,0,0,0
                        axioma7: 0,0,0,0,0,0,0,0,0
                        axioma8: 0,0,0,0,0,0,0,0,0,0,0,0,0,0,0,0,0,0,0,0,0,0,0,0,0,0,0
                        axioma9: 0,0,0,0,0,0,0,0,0
                        axioma10: 0,0,0,0,0,2,0,0,0
                        axioma11: 0,0,0,0,0,0,0,0,0
                        axioma12: 0,0,0,0,0,0,0,0,0
                        axioma13: 0,0,0,0,0,0,0,0,0
------------------------------------------------------------------
El axioma 10 es independiente con: 
                    Or 0,0,0,0,0,0,0,0,0
                    Not 2,1,0
                    And 0,0,0,0,0,0,0,0,0
                    Imply 0,0,0,0,0,2,0,1,0
        
                        axioma1: 0,0,0,0,0,0,0,0,0
                        axioma2: 0,0,0,0,0,0,0,0,0,0,0,0,0,0,0,0,0,0,0,0,0,0,0,0,0,0,0
                        axioma3: 0,0,0,0,0,0,0,0,0 
                        axioma4: 0,0,0,0,0,0,0,0,0
                        axioma5: 0,0,0,0,0,0,0,0,0
                        axioma6: 0,0,0,0,0,0,0,0,0
                        axioma7: 0,0,0,0,0,0,0,0,0
                        axioma8: 0,0,0,0,0,0,0,0,0,0,0,0,0,0,0,0,0,0,0,0,0,0,0,0,0,0,0
                        axioma9: 0,0,0,0,0,0,0,0,0
                        axioma10: 0,0,0,0,0,2,0,0,0
                        axioma11: 0,0,0,0,0,0,0,0,0
                        axioma12: 0,0,0,0,0,0,0,0,0
                        axioma13: 0,0,0,0,0,0,0,0,0
------------------------------------------------------------------
El axioma 3 es independiente con: 
                    Or 0,0,0,0,0,0,0,0,0
                    Not 2,1,0
                    And 0,0,0,0,0,0,0,0,1
                    Imply 0,0,0,0,0,0,0,1,0
        
                        axioma1: 0,0,0,0,0,0,0,0,0
                        axioma2: 0,0,0,0,0,0,0,0,0,0,0,0,0,0,0,0,0,0,0,0,0,0,0,0,0,0,0
                        axioma3: 0,0,0,0,0,0,0,0,1 
                        axioma4: 0,0,0,0,0,0,0,0,0
                        axioma5: 0,0,0,0,0,0,0,0,0
                        axioma6: 0,0,0,0,0,0,0,0,0
                        axioma7: 0,0,0,0,0,0,0,0,0
                        axioma8: 0,0,0,0,0,0,0,0,0,0,0,0,0,0,0,0,0,0,0,0,0,0,0,0,0,0,0
                        axioma9: 0,0,0,0,0,0,0,0,0
                        axioma10: 0,0,0,0,0,0,0,0,0
                        axioma11: 0,0,0,0,0,0,0,0,0
                        axioma12: 0,0,0,0,0,0,0,0,0
                        axioma13: 0,0,0,0,0,0,0,0,0
------------------------------------------------------------------
El axioma 1 es independiente con: 
                    Or 0,0,0,0,0,0,0,0,0
                    Not 2,1,0
                    And 0,0,0,0,0,0,0,0,2
                    Imply 0,0,0,0,0,1,0,1,0
        
                        axioma1: 0,0,0,0,0,0,0,1,0
                        axioma2: 0,0,0,0,0,0,0,0,0,0,0,0,0,0,0,0,0,0,0,0,0,0,0,0,0,0,0
                        axioma3: 0,0,0,0,0,0,0,0,0 
                        axioma4: 0,0,0,0,0,0,0,0,0
                        axioma5: 0,0,0,0,0,0,0,0,0
                        axioma6: 0,0,0,0,0,0,0,0,0
                        axioma7: 0,0,0,0,0,0,0,0,0
                        axioma8: 0,0,0,0,0,0,0,0,0,0,0,0,0,0,0,0,0,0,0,0,0,0,0,0,0,0,0
                        axioma9: 0,0,0,0,0,0,0,0,0
                        axioma10: 0,0,0,0,0,0,0,0,0
                        axioma11: 0,0,0,0,0,0,0,0,0
                        axioma12: 0,0,0,0,0,0,0,0,0
                        axioma13: 0,0,0,0,0,0,0,0,0
------------------------------------------------------------------
El axioma 1 es independiente con: 
                    Or 0,0,0,0,0,0,0,0,0
                    Not 2,1,0
                    And 0,0,0,0,0,0,0,0,2
                    Imply 0,0,0,0,0,1,0,2,0
        
                        axioma1: 0,0,0,0,0,1,0,2,0
                        axioma2: 0,0,0,0,0,0,0,0,0,0,0,0,0,0,0,0,0,0,0,0,0,0,0,0,0,0,0
                        axioma3: 0,0,0,0,0,0,0,0,0 
                        axioma4: 0,0,0,0,0,0,0,0,0
                        axioma5: 0,0,0,0,0,0,0,0,0
                        axioma6: 0,0,0,0,0,0,0,0,0
                        axioma7: 0,0,0,0,0,0,0,0,0
                        axioma8: 0,0,0,0,0,0,0,0,0,0,0,0,0,0,0,0,0,0,0,0,0,0,0,0,0,0,0
                        axioma9: 0,0,0,0,0,0,0,0,0
                        axioma10: 0,0,0,0,0,0,0,0,0
                        axioma11: 0,0,0,0,0,0,0,0,0
                        axioma12: 0,0,0,0,0,0,0,0,0
                        axioma13: 0,0,0,0,0,0,0,0,0
------------------------------------------------------------------
El axioma 10 es independiente con: 
                    Or 0,0,0,0,0,0,0,0,0
                    Not 2,1,0
                    And 0,0,0,0,0,0,0,0,2
                    Imply 0,0,0,0,0,2,0,0,0
        
                        axioma1: 0,0,0,0,0,0,0,0,0
                        axioma2: 0,0,0,0,0,0,0,0,0,0,0,0,0,0,0,0,0,0,0,0,0,0,0,0,0,0,0
                        axioma3: 0,0,0,0,0,0,0,0,0 
                        axioma4: 0,0,0,0,0,0,0,0,0
                        axioma5: 0,0,0,0,0,0,0,0,0
                        axioma6: 0,0,0,0,0,0,0,0,0
                        axioma7: 0,0,0,0,0,0,0,0,0
                        axioma8: 0,0,0,0,0,0,0,0,0,0,0,0,0,0,0,0,0,0,0,0,0,0,0,0,0,0,0
                        axioma9: 0,0,0,0,0,0,0,0,0
                        axioma10: 0,0,0,0,0,2,0,0,0
                        axioma11: 0,0,0,0,0,0,0,0,0
                        axioma12: 0,0,0,0,0,0,0,0,0
                        axioma13: 0,0,0,0,0,0,0,0,0
------------------------------------------------------------------
El axioma 10 es independiente con: 
                    Or 0,0,0,0,0,0,0,0,0
                    Not 2,1,0
                    And 0,0,0,0,0,0,0,0,2
                    Imply 0,0,0,0,0,2,0,1,0
        
                        axioma1: 0,0,0,0,0,0,0,0,0
                        axioma2: 0,0,0,0,0,0,0,0,0,0,0,0,0,0,0,0,0,0,0,0,0,0,0,0,0,0,0
                        axioma3: 0,0,0,0,0,0,0,0,0 
                        axioma4: 0,0,0,0,0,0,0,0,0
                        axioma5: 0,0,0,0,0,0,0,0,0
                        axioma6: 0,0,0,0,0,0,0,0,0
                        axioma7: 0,0,0,0,0,0,0,0,0
                        axioma8: 0,0,0,0,0,0,0,0,0,0,0,0,0,0,0,0,0,0,0,0,0,0,0,0,0,0,0
                        axioma9: 0,0,0,0,0,0,0,0,0
                        axioma10: 0,0,0,0,0,2,0,0,0
                        axioma11: 0,0,0,0,0,0,0,0,0
                        axioma12: 0,0,0,0,0,0,0,0,0
                        axioma13: 0,0,0,0,0,0,0,0,0
------------------------------------------------------------------
El axioma 1 es independiente con: 
                    Or 0,0,0,0,0,0,0,0,0
                    Not 2,1,0
                    And 0,0,0,0,0,0,0,1,0
                    Imply 0,0,0,0,0,0,0,1,1
        
                        axioma1: 0,0,0,0,0,0,0,0,1
                        axioma2: 0,0,0,0,0,0,0,0,0,0,0,0,0,0,0,0,0,0,0,0,0,0,0,0,0,0,0
                        axioma3: 0,0,0,0,0,0,0,0,0 
                        axioma4: 0,0,0,0,0,0,0,0,0
                        axioma5: 0,0,0,0,0,0,0,0,0
                        axioma6: 0,0,0,0,0,0,0,0,0
                        axioma7: 0,0,0,0,0,0,0,0,0
                        axioma8: 0,0,0,0,0,0,0,0,0,0,0,0,0,0,0,0,0,0,0,0,0,0,0,0,0,0,0
                        axioma9: 0,0,0,0,0,0,0,0,0
                        axioma10: 0,0,0,0,0,0,0,0,0
                        axioma11: 0,0,0,0,0,0,0,0,0
                        axioma12: 0,0,0,0,0,0,0,0,0
                        axioma13: 0,0,0,0,0,0,0,0,0
------------------------------------------------------------------
El axioma 1 es independiente con: 
                    Or 0,0,0,0,0,0,0,0,0
                    Not 2,1,0
                    And 0,0,0,0,0,0,0,1,0
                    Imply 0,0,0,0,0,0,0,2,1
        
                        axioma1: 0,0,0,0,0,0,0,0,2
                        axioma2: 0,0,0,0,0,0,0,0,0,0,0,0,0,0,0,0,0,0,0,0,0,0,0,0,0,0,0
                        axioma3: 0,0,0,0,0,0,0,0,0 
                        axioma4: 0,0,0,0,0,0,0,0,0
                        axioma5: 0,0,0,0,0,0,0,0,0
                        axioma6: 0,0,0,0,0,0,0,0,0
                        axioma7: 0,0,0,0,0,0,0,0,0
                        axioma8: 0,0,0,0,0,0,0,0,0,0,0,0,0,0,0,0,0,0,0,0,0,0,0,0,0,0,0
                        axioma9: 0,0,0,0,0,0,0,0,0
                        axioma10: 0,0,0,0,0,0,0,0,0
                        axioma11: 0,0,0,0,0,0,0,0,0
                        axioma12: 0,0,0,0,0,0,0,0,0
                        axioma13: 0,0,0,0,0,0,0,0,0
------------------------------------------------------------------
El axioma 4 es independiente con: 
                    Or 0,0,0,0,0,0,0,0,0
                    Not 2,1,0
                    And 0,0,0,0,0,0,0,1,0
                    Imply 0,0,0,0,0,1,0,0,0
        
                        axioma1: 0,0,0,0,0,0,0,0,0
                        axioma2: 0,0,0,0,0,0,0,0,0,0,0,0,0,0,0,0,0,0,0,0,0,0,0,0,0,0,0
                        axioma3: 0,0,0,0,0,0,0,0,0 
                        axioma4: 0,0,0,0,0,0,0,1,0
                        axioma5: 0,0,0,0,0,0,0,0,0
                        axioma6: 0,0,0,0,0,0,0,0,0
                        axioma7: 0,0,0,0,0,0,0,0,0
                        axioma8: 0,0,0,0,0,0,0,0,0,0,0,0,0,0,0,0,0,0,0,0,0,0,0,0,0,0,0
                        axioma9: 0,0,0,0,0,0,0,0,0
                        axioma10: 0,0,0,0,0,0,0,0,0
                        axioma11: 0,0,0,0,0,0,0,0,0
                        axioma12: 0,0,0,0,0,0,0,0,0
                        axioma13: 0,0,0,0,0,0,0,0,0
------------------------------------------------------------------
El axioma 4 es independiente con: 
                    Or 0,0,0,0,0,0,0,0,0
                    Not 2,1,0
                    And 0,0,0,0,0,0,0,1,0
                    Imply 0,0,0,0,0,1,0,0,1
        
                        axioma1: 0,0,0,0,0,0,0,0,0
                        axioma2: 0,0,0,0,0,0,0,0,0,0,0,0,0,0,0,0,0,0,0,0,0,0,0,0,0,0,0
                        axioma3: 0,0,0,0,0,0,0,0,0 
                        axioma4: 0,0,0,0,0,0,0,1,0
                        axioma5: 0,0,0,0,0,0,0,0,0
                        axioma6: 0,0,0,0,0,0,0,0,0
                        axioma7: 0,0,0,0,0,0,0,0,0
                        axioma8: 0,0,0,0,0,0,0,0,0,0,0,0,0,0,0,0,0,0,0,0,0,0,0,0,0,0,0
                        axioma9: 0,0,0,0,0,0,0,0,0
                        axioma10: 0,0,0,0,0,0,0,0,0
                        axioma11: 0,0,0,0,0,0,0,0,0
                        axioma12: 0,0,0,0,0,0,0,0,0
                        axioma13: 0,0,0,0,0,0,0,0,0
------------------------------------------------------------------
El axioma 5 es independiente con: 
                    Or 0,0,0,0,0,0,0,0,0
                    Not 2,1,0
                    And 0,0,0,0,0,0,0,1,0
                    Imply 0,0,0,0,2,0,0,0,0
        
                        axioma1: 0,0,0,0,0,0,0,0,0
                        axioma2: 0,0,0,0,0,0,0,0,0,0,0,0,0,0,0,0,0,0,0,0,0,0,0,0,0,0,0
                        axioma3: 0,0,0,0,0,0,0,0,0 
                        axioma4: 0,0,0,0,0,0,0,0,0
                        axioma5: 0,0,0,0,0,0,0,2,0
                        axioma6: 0,0,0,0,0,0,0,0,0
                        axioma7: 0,0,0,0,0,0,0,0,0
                        axioma8: 0,0,0,0,0,0,0,0,0,0,0,0,0,0,0,0,0,0,0,0,0,0,0,0,0,0,0
                        axioma9: 0,0,0,0,0,0,0,0,0
                        axioma10: 0,0,0,0,0,0,0,0,0
                        axioma11: 0,0,0,0,0,0,0,0,0
                        axioma12: 0,0,0,0,0,0,0,0,0
                        axioma13: 0,0,0,0,0,0,0,0,0
